-3.423835172809264041e+05 -4.185161807113300547e+00
-2.658606072248606943e+05 -4.181635529103622240e+00
-2.069968302586562932e+05 -4.174094699431071476e+00
-1.617170018231144641e+05 -4.149802073149105652e+00
-1.268863645650053513e+05 -4.090298517502651166e+00
-1.000935666741522145e+05 -3.987072525683898139e+00
-7.948372214272670681e+04 -3.850272699084322348e+00
-6.362999558009166503e+04 -3.709202111380319522e+00
-5.143482130114169559e+04 -3.597154567758633181e+00
-4.205391800964169670e+04 -3.532028527670233231e+00
-3.483783855464169756e+04 -3.512669972875645641e+00
-2.928700820464169374e+04 -3.524819287655579725e+00
-2.501713870464166394e+04 -3.548369927658992395e+00
-2.173262370464170817e+04 -3.564082208965829057e+00
-1.920607370464171981e+04 -3.557866637712710389e+00
-1.726257370464171981e+04 -3.522044435410701446e+00
-1.576757370464171981e+04 -3.454323324404670714e+00
-1.461757370464171981e+04 -3.355839348699440450e+00
-1.364909835547872353e+04 -3.229314614173576459e+00
-1.274168470076902304e+04 -3.075611174115261637e+00
-1.189148284331831383e+04 -2.898294404925786161e+00
-1.109488561926176772e+04 -2.705165661215129802e+00
-1.034851329389750026e+04 -2.510058647245099639e+00
-9.649199222436291166e+03 -2.334084400523748215e+00
-8.993976414831588045e+03 -2.204552998321247959e+00
-8.380064947687205859e+03 -2.149491625260596894e+00
-7.804860169836028945e+03 -2.188053290831784459e+00
-7.265921651547891088e+03 -2.322017384210538715e+00
-6.760962830483098514e+03 -2.534953709710379144e+00
-6.287841310460586101e+03 -2.799361626857120200e+00
-5.844549771882535424e+03 -3.085916537381386160e+00
-5.429207455249736086e+03 -3.369717245408401229e+00
-5.040052181636390742e+03 -3.632454593173487289e+00
-4.675432876267179381e+03 -3.862001100915143148e+00
-4.333802563478297088e+03 -4.051107819937750598e+00
-4.013711803341459017e+03 -4.196074651796404709e+00
-3.713802542103629094e+03 -4.295662158760900518e+00
-3.432802350352343637e+03 -4.350289251607238228e+00
-3.169519024461274967e+03 -4.361501243562701191e+00
-2.922835528410098050e+03 -4.331676341529351326e+00
-2.691705254519416485e+03 -4.263933926899255766e+00
-2.475147582993260585e+03 -4.162206603268268523e+00
-2.272243721429025754e+03 -4.031432380871800447e+00
-2.082132806643436197e+03 -3.877804857335588551e+00
-1.904008252275583800e+03 -3.708981330951074185e+00
-1.737114326671697199e+03 -3.534096517251933633e+00
-1.580742946530808695e+03 -3.363406396730028725e+00
-1.434230672709585633e+03 -3.207540373537099754e+00
-1.296955895439488813e+03 -3.077020872890830816e+00
-1.168336197013675701e+03 -2.984266191125495737e+00
-1.047825880755146500e+03 -2.951139254547955115e+00
-9.349136557813035324e+02 -3.017588422498177270e+00
-8.291204677424393594e+02 -3.227068768709107971e+00
-7.299974663313478231e+02 -3.578131157452491440e+00
-6.371241009390796535e+02 -4.008192109826330451e+00
-5.501063363788416609e+02 -4.442102245839213204e+00
-4.685749811073765159e+02 -4.831854519529053427e+00
-3.921841208503465168e+02 -5.158176210369333603e+00
-3.206096509868511930e+02 -5.418654900209978642e+00
-2.535479014658485539e+02 -5.618262541425533385e+00
-1.907143484211992472e+02 -5.764335835186143342e+00
-1.318424070177716203e+02 -5.864380015557959069e+00
-7.668230040796333924e+01 -5.925267060999852120e+00
-2.500000000023283064e+01 -5.953052763909321143e+00
